32 32 32 32 32 32 32 32 32 32 32 32 32 32 32 47 47 47 47 47 39
32 32 32 32 32 32 32 32 32 32 32 32 32 32 39 32 32 35 32 111
32 32 32 32 32 32 32 32 32 32 32 32 32 32 67 32 32 32 45 32 124
32 95 95 95 32 32 32 32 32 32 32 32 32 32 39 32 32 61 95 95 39 32 32 32 32 32 32 32 32 95 95 95
40 96 32 95 32 92 95 32 32 32 32 32 32 32 124 32 32 32 124 32 32 32 32 32 32 32 32 95 47 32 32 39 41
32 92 32 32 40 95 95 92 32 32 44 45 45 45 45 32 95 32 124 45 45 45 45 46 32 32 47 95 95 41 45 32 124
32 32 92 95 95 32 32 40 32 40 32 32 32 32 32 32 32 32 32 32 32 47 32 32 41 32 41 32 32 95 95 47
32 32 32 32 124 95 88 95 92 47 32 92 46 32 32 32 35 32 32 95 46 124 32 32 92 47 95 88 95 124
32 32 32 32 32 32 124 32 32 92 32 47 40 32 32 32 47 32 32 32 32 47 92 32 47 32 32 124
32 32 32 32 32 32 32 92 32 47 32 32 40 32 32 44 32 32 32 32 47 32 32 92 32 95 47
32 32 32 32 32 32 32 32 32 32 32 32 47 95 95 95 95 95 95 47
32 32 32 32 32 32 32 32 32 32 32 91 58 58 58 58 58 58 58 93
32 32 32 32 32 32 32 32 32 32 47 42 37 42 37 42 37 42 37 42 92
32 32 32 32 32 32 32 32 32 32 62 37 42 37 35 37 42 37 42 37 124
32 32 32 32 32 32 32 32 32 47 37 42 37 42 35 42 37 42 37 42 92
