32 32 32 32 32 32 32 32 32 32 32 95 95 95 95 95 95 95 47 47 47
32 32 32 32 32 32 32 32 32 32 47 32 32 95 95 95 95 95 95 47
32 32 32 32 32 32 32 32 32 47 32 32 47 95 95 95 95 95 93
32 32 32 32 32 32 32 32 32 124 61 61 40 40 95 47 92 95 41
32 32 32 32 32 32 95 95 32 92 71 32 32 47 47 61 61 92
32 32 32 32 32 47 47 92 92 32 124 124 32 91 91 61 61 93
32 32 32 32 47 47 32 32 92 92 32 124 47 41 47 95 47
32 32 32 32 124 124 32 95 95 47 45 47 47 32 32 125 92 45 92 95 95
32 32 32 32 124 124 47 32 47 32 47 47 32 92 32 32 47 32 32 92 32 92
32 32 32 32 92 92 32 32 124 47 47 32 32 32 92 47 32 32 32 124 32 32 124
32 32 32 32 32 92 92 95 47 47 32 32 32 32 32 124 32 32 32 124 32 32 47
32 32 32 32 32 47 32 32 92 32 32 32 32 32 32 32 32 32 32 47 32 32 92
32 32 32 32 32 124 32 32 124 124 32 32 32 32 32 32 32 32 124 124 32 32 124
32 32 32 32 32 92 32 32 47 124 32 32 32 32 32 32 32 32 124 92 32 32 47
32 32 32 32 32 47 32 32 92 32 92 95 95 95 32 95 95 47 92 47 32 32 92
32 32 32 32 32 124 32 47 32 32 124 91 93 95 95 91 93 124 92 92 92 32 124
32 32 32 32 32 124 47 32 32 124 32 32 32 32 32 32 32 32 124 92 92 92 124
32 32 32 32 32 124 92 32 32 124 32 32 32 32 32 32 32 32 124 32 92 47 124
32 32 32 32 32 124 124 32 32 124 32 32 32 32 124 32 32 32 124 32 32 92 92
32 32 32 32 32 32 32 32 32 124 95 95 95 95 124 95 95 95 124 32 32 91 79 93
32 32 32 32 32 32 32 32 32 32 92 32 32 47 92 32 32 47 32 32 32 91 79 93
32 32 32 32 32 32 32 32 32 32 47 123 125 92 47 123 125 92
32 32 32 32 32 32 32 32 32 32 124 32 32 124 124 32 32 124
32 32 32 32 32 32 32 32 32 32 124 32 32 124 124 32 32 124 32
32 32 32 32 32 32 32 32 32 32 92 32 32 47 92 32 32 47
32 32 32 32 32 32 32 32 32 32 32 92 47 32 32 92 47
32 95 95 95 95 95 95 95 95 95 95 47 92 32 32 47 92 95 95 95 95 95 95 95 95 95 95