32 32 32 32 32 32 32 32 32 32 32 32 32 32 32 32 32 32 95 46 46 45 45 34 34 34 34 45 45 46 46 46 95 95 95 32 32 32 32 32 32 32 32 32 32 32 32 32 32 32 32 32 46 45 45 45 44
32 32 32 32 32 32 32 32 32 32 32 32 32 32 32 32 44 39 32 92 32 32 32 32 32 32 32 32 32 32 32 32 32 32 32 96 39 45 45 46 95 95 95 32 32 32 32 32 32 32 32 47 32 32 32 47
32 32 32 32 32 32 32 32 32 32 32 32 32 32 32 47 96 92 32 32 92 32 32 32 32 32 32 32 32 32 32 32 32 32 32 32 32 32 32 32 32 32 32 96 96 39 39 45 45 58 39 96 45 45 39
32 32 32 32 32 32 32 32 32 32 32 32 32 32 40 32 32 44 39 46 32 39 46 32 32 32 32 32 32 32 32 32 32 32 32 32 32 95 95 95 95 95 46 46 45 45 39 39 96
32 32 32 32 32 32 32 32 32 32 32 32 32 32 41 95 95 47 96 45 39 46 95 59 95 95 32 32 32 32 32 32 32 46 45 39 96
32 32 32 32 32 32 32 32 32 32 32 32 32 32 32 95 47 32 101 32 32 32 32 47 46 45 124 32 32 32 32 32 47
32 32 32 32 32 32 32 32 32 32 32 32 32 32 32 92 32 32 32 32 32 32 32 32 95 47 32 32 32 32 32 32 124
32 32 32 32 32 32 32 32 32 32 32 32 32 32 32 32 124 95 44 32 32 32 32 40 32 32 92 32 32 32 32 32 47
32 32 32 32 32 32 32 32 32 32 32 32 32 32 32 32 32 92 95 95 95 95 95 95 92 95 95 92 95 46 45 39 47 47 47 47 47 47
32 32 32 32 32 32 32 32 32 32 32 32 32 32 32 32 32 32 124 124 124 124 124 124 124 124 124 125 47 47 47 47 47 47 47 47 59 46 95
32 32 32 32 95 95 47 92 32 95 46 46 45 45 45 45 39 39 96 96 96 96 32 32 32 32 32 92 95 32 32 32 32 32 32 32 47 32 32 47 46
32 32 32 40 32 32 32 32 47 32 124 32 32 32 32 32 32 32 32 32 32 32 32 32 32 32 32 32 32 96 39 46 95 45 45 45 58 46 47 32 32 39 46
32 32 32 32 39 45 45 45 92 95 59 45 46 46 46 95 95 95 95 95 95 46 32 32 32 32 32 32 32 32 32 32 32 39 46 32 32 32 124 95 44 32 32 92 32 32 61 61 61 45 45 45
32 32 32 32 32 32 32 32 32 32 32 32 32 32 32 32 32 32 47 32 32 32 32 32 32 32 32 32 32 32 32 32 32 32 46 96 32 32 32 32 32 39 45 39
32 32 32 32 32 32 32 32 32 32 32 32 32 32 32 32 32 47 32 32 32 32 32 32 32 32 32 32 32 32 32 95 46 39 32 32 32 32 32 32 32 32 32 32 32 32 32 32 32 32 61 61 61 45 45 45
32 32 32 32 32 32 32 32 32 32 32 32 32 32 32 32 47 95 95 95 46 46 95 32 32 95 46 46 45 39 96 92
32 32 32 32 32 32 32 32 32 32 32 32 32 32 32 32 32 47 32 32 32 32 47 96 39 32 32 92 32 32 32 32 39 45 45 46 95 95 95 95 95 95 32 92
32 32 32 32 32 32 32 32 32 32 32 32 32 32 32 32 47 32 32 32 32 47 32 32 32 32 32 32 92 32 32 32 32 32 32 32 32 32 92 32 32 32 92 35 92
32 32 32 32 32 32 32 32 32 32 32 32 32 32 32 32 124 32 32 32 124 32 32 32 32 32 32 32 32 39 45 45 45 45 45 45 45 45 45 39 45 46 32 92 35 92
45 45 45 45 45 45 45 45 45 45 45 45 45 45 45 45 124 32 32 47 45 45 45 45 45 45 45 45 45 45 45 45 45 45 45 45 45 45 45 45 45 45 92 95 92 45 92 45 45 45 45 45 45 45 45 45 45 45 45 45 45 45 45 45
32 32 32 32 32 32 32 32 32 32 32 32 32 32 32 32 124 95 95 124 32 32 32 32 32 32 32 32 32 32 32 32 32 32 32 32 32 32 32 32 32 32 32 32 32 46 95 92
32 32 32 32 32 32 32 32 32 32 32 32 32 95 95 46 39 32 32 124
32 32 32 32 32 32 32 32 32 32 32 32 47 95 95 95 95 95 95 124 32 32 32 32 32 32 32 46 46 58 58 58 58 58 58 58 58 58 58 58 58 58 58 58 58 58 58 58 58 58 58 58 58 58 58 46 46
32 32 32 32 32 32 32 32 32 32 40 95 95 95 35 95 95 35 95 95 95 95 32 32 46 58 58 58 58 58 58 58 58 58 58 58 58 58 58 58 58 58 58 58 58 58 58 58 58 58 58 58 58 58 58 58 58 58 58 39
32 32 32 32 32 32 32 32 32 32 32 32 32 32 32 32 32 32 32 32 32 32 32 32 39 39 58 58 58 58 58 58 58 58 58 58 58 58 58 58 58 58 58 58 58 58 58 58 58 58 58 58 58 58 58 39
