32 32 32 32 32 32 32 32 32 32 44 44 46 44
32 32 32 32 32 32 32 32 46 38 37 37 37 37 37 46 32 32 32 32 32 32 32 32 32 47 46 39
32 32 32 32 32 32 32 32 36 39 32 39 37 37 37 38 -8 46 95 46 45 46 32 32 47 95 47
32 32 32 32 32 32 32 32 32 41 94 32 40 40 37 37 37 46 45 46 32 32 95 47 124 32 32 32 95 95 95 95
32 32 32 32 32 32 32 32 32 92 95 95 32 32 124 37 37 37 32 32 32 47 32 92 124 32 32 39 124 95 124 95 39
32 32 32 32 32 32 32 32 32 32 95 95 41 32 41 41 37 37 45 45 39 32 95 95 47 32 32 47 92 111 32 95 41
32 32 32 32 32 32 32 32 32 47 32 47 95 47 42 40 44 46 46 45 45 39 32 32 32 32 32 124 39 46 39
32 32 32 32 32 32 95 95 47 32 40 42 32 42 32 47 32 32 32 95 32 32 32 32 32 46 39 92 47
92 124 95 92 32 47 92 32 32 47 32 92 42 32 40 95 95 32 47 32 92 95 95 95 47 32 32 47
32 92 95 95 39 41 95 95 47 32 32 32 92 95 47 42 32 39 32 42 47 32 32 32 95 46 39 32 32 32 46 32 32 -8 32 32 46
32 32 32 32 32 32 32 32 32 109 114 102 124 32 42 32 42 47 42 32 92 95 46 39
32 32 32 32 32 32 32 32 32 32 32 32 124 42 95 42 32 42 95 95 47
32 32 32 32 32 32 32 32 32 32 32 47 42 32 42 32 42 47
32 32 32 32 32 32 32 32 32 32 32 92 95 47 92 95 47
32 32 32 32 32 32 32 32 32 32 32 32 32 92 32 32 124
32 32 32 32 32 32 32 32 32 32 32 32 32 32 92 32 124
32 32 32 32 32 32 32 32 32 32 32 32 32 32 32 40 32 92
32 32 32 32 32 32 32 32 32 32 32 32 32 32 32 32 124 32 92
32 32 32 32 32 32 32 32 32 32 32 32 32 32 32 32 124 95 95 41
32 32 32 32 32 32 32 32 32 32 32 32 32 32 32 32 32 92 32 124
32 32 32 32 32 32 32 32 32 32 32 32 32 32 32 95 46 39 32 111 92 32 32 32 32 32 32 32 46 32 32 39 46 32 -8 32 -8 32 46 32 32 32 32 32
32 32 32 32 32 32 32 32 32 32 32 32 32 32 40 95 95 95 95 95 95 41 32 32 32 32 32 44 32 39 32 46 39 32 39
