32 32 32 32 32 32 32 32 32 32 32 32 32 32 32 32 32 95 95
32 32 32 32 32 32 32 32 32 32 32 32 32 32 46 45 39 124 124 39 45 46
32 32 32 32 32 32 32 32 32 32 32 32 46 39 32 32 32 124 124 32 32 32 39 46
32 32 32 32 32 32 32 32 32 32 32 47 32 32 32 95 95 124 124 95 95 32 32 32 92
32 32 32 32 32 32 32 32 32 32 32 124 32 47 96 45 32 32 32 32 45 96 92 32 124
32 32 32 32 32 32 32 32 32 32 32 124 32 124 32 54 32 32 32 32 54 32 124 32 124
32 32 32 32 32 32 32 32 32 32 32 92 47 92 95 95 95 95 55 95 95 95 47 92 47
32 32 32 46 45 45 45 45 45 45 45 45 58 92 58 73 58 73 73 58 73 58 47 59 45 45 45 45 45 45 45 45 46
32 32 47 32 32 32 32 32 32 32 32 32 32 92 96 58 73 58 58 73 58 96 47 32 32 32 32 32 32 32 32 32 32 92
32 124 32 32 32 32 32 32 32 32 32 32 32 32 96 45 45 45 45 45 45 39 32 32 32 32 32 32 32 32 32 32 32 32 124
32 124 32 32 32 32 32 32 32 32 32 32 32 32 32 92 95 95 95 95 47 32 32 32 32 32 32 32 32 32 32 32 32 32 124
32 124 32 32 32 32 32 32 44 32 32 32 32 95 95 32 32 32 32 32 95 95 95 32 32 32 32 44 32 32 32 32 32 32 124
32 124 61 61 61 61 61 61 124 32 32 32 47 32 32 124 32 32 32 47 32 95 32 92 32 32 32 124 61 61 61 61 61 61 124
32 124 61 61 61 61 61 61 124 32 32 32 94 124 32 124 32 32 124 32 124 32 124 32 124 32 32 124 61 61 61 61 61 61 124
32 124 126 126 126 126 126 124 32 32 32 32 32 124 32 124 32 32 124 32 124 95 124 32 124 32 32 32 124 126 126 126 126 126 124
32 124 32 32 32 32 32 124 92 32 32 32 91 95 95 95 93 32 32 92 95 95 95 47 32 32 32 47 124 32 32 32 32 32 124
32 32 92 32 32 32 32 92 124 32 32 32 32 32 32 32 32 32 32 32 32 32 32 32 32 32 32 124 47 32 32 32 32 47
32 32 96 92 32 32 32 32 92 32 32 95 32 95 46 45 61 34 34 61 45 46 95 32 95 32 32 47 32 32 32 32 47 39
32 32 32 32 96 92 32 32 32 39 96 95 41 92 92 45 43 43 43 43 45 47 47 40 95 96 39 32 32 32 47 39
32 32 32 32 32 32 59 32 32 32 40 95 95 124 124 32 32 32 32 32 32 124 124 95 95 41 32 32 32 59
32 32 32 32 32 32 32 59 32 32 32 95 95 95 92 32 32 32 32 32 32 47 95 95 95 32 32 32 59
32 32 32 32 32 32 32 32 39 46 32 45 45 45 47 45 61 46 46 61 45 92 45 45 45 32 46 39
32 32 32 32 32 32 32 32 32 32 96 34 34 96 32 32 32 32 32 32 32 32 96 34 34 96
