32 32 32 32 32 32 32 32 32 32 32 32 95 95 95
32 32 32 32 32 32 32 32 32 32 46 39 32 32 32 39 46
32 32 32 32 32 32 32 32 32 47 32 46 45 45 45 46 32 92
32 32 32 32 32 32 32 32 32 124 61 40 41 95 40 41 61 124
32 32 32 32 32 32 32 32 32 96 40 32 32 95 32 32 41 96
32 32 32 32 32 32 32 32 32 32 95 41 45 32 45 40 95
32 32 32 32 32 32 32 32 32 47 124 96 45 45 45 96 124 92
32 32 32 32 32 32 32 32 47 32 92 95 32 32 32 95 47 32 92
32 32 32 32 32 32 32 47 32 47 96 92 32 32 95 47 96 92 32 92
32 32 32 32 32 95 47 47 96 32 47 92 32 32 32 47 92 32 96 92 92 95
32 32 32 32 32 47 124 96 32 124 32 32 92 95 47 32 32 124 32 96 124 92
32 32 32 32 32 32 32 32 32 92 32 32 32 124 32 32 32 47
32 32 32 32 32 32 32 32 32 32 92 95 32 124 32 95 47
32 32 32 32 32 32 32 32 32 32 47 32 47 32 92 32 92
32 32 32 32 32 32 32 32 32 32 124 47 32 32 32 92 124
32 32 32 32 46 45 45 45 45 47 32 92 45 45 45 47 32 92 45 45 45 46
32 32 32 32 124 61 61 61 61 96 45 39 61 61 61 39 45 96 61 61 61 61 124
32 32 32 32 32 92 32 32 32 32 95 95 95 95 95 95 95 32 32 32 32 47
32 32 32 32 32 32 92 45 45 93 61 61 61 61 61 61 61 91 45 45 47
32 32 32 32 32 32 32 39 45 45 45 45 46 95 46 45 45 45 45 39
95 95 95 95 95 95 95 95 95 95 95 124 32 32 32 124 95 95 95 95 95 95 95 95 95 95
126 126 94 126 45 126 94 126 45 126 94 45 126 126 94 126 45 126 94 126 126 94 126 45 126 94 126
