32 32 32 32 32 32 32 32 32 32 32 32 32 32 32 32 32 32 32 32 46 45 45 45 46
32 32 32 32 32 32 32 32 32 32 32 32 32 32 32 32 32 32 32 47 95 95 95 95 95 92
32 32 32 32 32 32 32 32 32 32 32 32 32 32 32 32 32 32 95 72 72 46 72 46 72 72
32 32 32 95 32 32 32 32 32 32 32 32 32 32 95 45 34 34 32 87 72 72 72 72 72 87 34 34 45 45 95 95
32 32 32 92 92 32 32 32 32 32 32 95 45 34 32 32 32 95 95 92 86 87 61 87 86 47 95 95 32 32 32 47 34 34 46
32 32 32 32 92 92 32 32 95 45 34 32 92 95 95 45 45 34 32 32 34 45 95 45 34 32 32 32 34 34 34 32 32 32 32 34 95
32 32 32 32 32 92 92 47 32 80 104 72 32 32 95 32 32 32 32 32 32 32 32 32 32 32 32 32 32 32 32 32 32 32 32 32 32 34 34
32 32 32 32 32 32 92 92 45 45 45 45 95 47 95 124 32 32 32 32 32 95 95 95 32 32 32 32 32 32 47 34 92 32 32 84 34 34 92 61 61 61 61 45
32 32 32 32 32 32 32 92 92 32 47 34 45 46 95 32 32 32 32 32 124 37 124 72 124 32 32 32 32 40 32 32 32 34 92 124 41 32 124 32 47 32 32 46 58 41
32 32 32 32 32 32 32 32 92 47 32 32 32 32 32 47 32 32 32 32 124 45 43 45 124 32 32 32 32 32 92 32 32 32 32 124 95 32 74 32 46 58 58 58 45 39
32 32 32 32 32 32 32 32 47 32 32 32 32 32 47 32 32 32 32 32 124 72 124 37 124 32 32 95 45 39 32 39 45 46 95 32 32 34 32 41 47 59 34
32 32 32 32 32 32 32 47 32 32 32 32 32 47 32 92 32 32 32 32 95 95 32 32 32 32 40 32 32 92 32 92 32 32 32 92 32 32 32 34
32 32 32 32 32 32 47 32 32 32 32 32 47 92 47 32 39 46 32 47 32 32 92 32 32 32 92 32 92 32 92 32 95 45 32 92
32 32 32 32 32 32 34 39 45 46 95 47 32 32 92 47 32 32 92 32 32 32 32 34 45 95 32 92 32 45 34 34 32 95 45 32 92
32 32 32 32 32 95 44 39 92 92 32 32 92 32 32 92 47 32 32 41 32 32 32 32 32 32 34 45 44 32 45 34 34 32 32 32 32 92
32 32 95 44 39 95 45 32 95 32 92 92 32 92 32 32 92 44 39 32 32 32 32 32 32 32 32 32 32 92 32 92 95 92 95 92 32 32 92
44 39 32 32 32 32 95 45 32 32 32 32 92 95 92 32 32 92 32 32 32 32 32 32 32 32 32 32 32 32 92 32 92 95 92 95 92 32 32 92
92 95 32 95 45 32 32 32 95 45 32 95 44 39 32 92 32 32 92 32 32 32 32 32 32 32 32 32 32 32 32 92 32 34 34 34 34 32 32 32 41
32 67 92 95 32 95 45 32 95 44 39 32 32 32 32 32 92 32 32 34 45 45 45 45 45 45 45 45 46 32 32 32 76 95 34 34 34 34 95 47
