32 32 32 46 45 59 39 96 32 32 96 39 45 46
32 32 47 32 32 32 92 32 32 32 32 32 32 32 96 92 95 46 46
32 32 124 45 34 96 96 59 45 46 32 32 32 32 32 32 124 124 32 96 92
32 32 32 92 32 32 32 32 39 46 96 45 46 32 32 32 47 124 32 32 47
32 32 32 32 96 45 46 32 32 32 39 46 32 92 32 32 124 45 39 96
32 32 32 32 32 32 32 96 45 46 32 32 41 32 92 32 124
32 32 32 32 32 32 32 32 47 96 32 47 32 32 47 32 124
32 32 32 32 32 32 32 47 32 47 96 32 32 32 124 32 124
32 32 32 32 32 32 47 32 40 32 32 32 32 32 41 32 47
32 32 32 32 95 40 32 32 32 96 45 44 45 39 95 47
32 32 32 47 32 32 96 34 34 34 34 34 59 96
32 32 32 96 45 45 45 46 46 45 45 45 39
32 32 32 32 32 32 47 47 92 92
32 32 32 32 32 47 47 45 45 45 48
32 32 32 95 47 47 95 95 95 95 95
32 32 32 32 32 32 32 32 32 32 32 96 92
32 32 32 32 32 32 32 32 32 32 32 32 40 126 94 126 95 45 126 94 45 126 94 95 126 94 126 94 45 126 94 95 126 45 94 126 95 94 126
