32 32 32 32 32 32 32 32 32 95 32 32 32 32 32
32 32 32 32 32 32 32 32 124 46 124 32 32 32 32
32 32 32 32 32 32 32 32 93 94 91 32 32 32 32
32 32 32 32 32 32 47 126 96 45 39 126 92 32 32
32 32 32 32 32 123 60 124 37 32 32 124 62 125 32
32 32 32 32 32 32 92 124 95 95 95 124 47 32 32
32 32 32 32 32 47 92 32 32 32 32 92 32 32 32
32 32 32 32 32 124 47 62 47 124 95 95 92 32 32
32 32 32 32 95 124 41 32 32 32 92 32 124 32 32
32 32 32 40 95 44 124 32 32 32 32 92 41 32 32
32 32 32 47 32 92 32 32 32 32 32 40 124 95 32
46 44 46 92 95 47 44 46 46 46 44 124 44 95 41
