32 32 32 32 32 32 32 32 32 32 32 32 32 32 32 32 32 32 32 32 32 32 32 32 32 32 32 32 32 32 32 32 32 32 32 32 32 32 32 32 32 32 32 32 32 32 32 32 32 32 32 32 32 32 32 32 32 32 32 32 32 32 32 32 32 32 32 32 32 32 32 32 32 32 32 32 32 32 32 32 32 32 32 32 32 32 32 32 32 32 32 32 32 32 32 32 32 44 47 41
32 32 32 32 32 32 32 32 32 32 32 32 32 32 32 32 32 32 32 32 32 32 32 32 32 32 32 32 32 32 32 32 32 32 32 32 32 32 32 32 32 32 32 32 32 32 32 32 32 32 32 32 32 32 32 32 32 32 32 32 32 32 32 32 32 32 32 32 32 32 32 32 32 32 32 32 32 32 32 32 32 32 32 32 32 32 32 32 32 32 32 32 32 32 32 32 32 124 95 124
32 32 32 32 32 32 32 32 95 32 32 32 32 32 32 32 32 95 32 32 32 32 32 32 32 32 95 32 32 32 32 32 32 32 32 95 32 32 32 32 32 32 32 32 95 32 32 32 32 32 32 32 32 95 32 32 32 32 32 32 32 32 95 32 32 32 32 32 32 32 32 95 32 32 32 32 32 32 32 32 95 32 32 32 32 32 32 32 32 95 32 32 32 32 32 32 32 93 46 91 32 32 32 32 32 32 32 44 126 44 32 32 32 32
32 32 32 32 32 32 32 124 46 124 32 32 32 32 32 32 124 46 124 32 32 32 32 32 32 124 46 124 32 32 32 32 32 32 124 46 124 32 32 32 32 32 32 124 46 124 32 32 32 32 32 32 124 46 124 32 32 32 32 32 32 124 46 124 32 32 32 32 32 32 124 46 124 32 32 32 32 32 32 124 46 124 32 32 32 32 32 32 124 46 124 32 32 32 32 47 126 96 45 39 126 92 32 32 32 32 32 124 95 124 32 32 32 32
32 32 32 32 32 32 32 93 94 91 32 32 32 32 32 32 93 94 91 32 32 32 32 32 32 93 94 91 32 32 32 32 32 32 93 94 91 32 32 32 32 32 32 93 94 91 32 32 32 32 32 32 93 94 91 32 32 32 32 32 32 93 94 91 32 32 32 32 32 32 93 94 91 32 32 32 32 32 32 93 94 91 32 32 32 32 32 32 93 94 91 32 32 32 40 60 124 32 32 32 124 62 41 32 32 32 32 93 48 91 32 32 32 32
32 32 32 32 32 47 126 47 94 92 126 92 32 32 47 126 96 45 39 126 92 32 32 47 126 96 45 39 126 92 32 32 47 126 96 45 39 126 92 32 32 47 126 96 45 39 126 92 32 32 47 126 96 45 39 126 92 32 32 47 126 96 45 39 126 92 32 32 47 126 96 45 39 126 92 32 32 47 126 96 45 39 126 92 32 32 47 126 96 45 39 126 92 32 32 92 124 95 95 95 124 47 32 32 32 44 45 96 94 39 126 92 32 32
32 32 32 32 123 60 124 32 36 32 124 62 125 123 60 124 32 56 32 124 62 125 123 60 124 32 54 32 124 62 125 123 60 124 32 44 32 124 62 125 123 60 124 32 51 32 124 62 125 123 60 124 32 55 32 124 62 125 123 60 124 32 57 32 124 62 125 123 60 124 32 44 32 124 62 125 123 60 124 32 50 32 124 62 125 123 60 124 32 42 32 124 62 125 123 47 32 32 32 92 125 32 32 123 60 124 32 32 32 124 62 125 32
32 32 32 32 32 92 124 95 95 95 124 47 32 32 92 124 95 95 95 124 47 32 32 92 124 95 95 95 124 47 32 32 92 124 95 95 95 124 47 32 32 92 124 95 95 95 124 47 32 32 92 124 95 95 95 124 47 32 32 92 124 95 95 95 124 47 32 32 92 124 95 95 95 124 47 32 32 92 124 95 95 95 124 47 32 32 92 124 95 95 95 124 47 32 32 47 95 95 49 95 95 92 32 32 32 92 124 44 95 95 124 47 32 32
32 32 32 32 47 92 32 32 32 32 92 32 32 32 32 47 32 32 32 92 32 32 32 32 47 32 32 32 92 32 32 32 32 47 32 32 32 92 32 32 32 32 47 32 32 32 92 32 32 32 32 47 32 32 32 92 32 32 32 32 47 32 32 32 92 32 32 32 32 47 32 32 32 92 32 32 32 32 47 32 32 32 92 32 32 32 32 47 32 32 32 92 32 32 32 124 32 47 32 92 32 124 32 32 32 123 47 32 92 32 92 32
32 32 32 32 124 47 62 47 124 95 95 92 32 32 47 95 95 124 95 95 92 32 32 47 95 95 124 95 95 92 32 32 47 95 95 124 95 95 92 32 32 47 95 95 124 95 95 92 32 32 47 95 95 124 95 95 92 32 32 47 95 95 124 95 95 92 32 32 47 95 95 124 95 95 92 32 32 47 95 95 124 95 95 92 32 32 47 95 95 124 95 95 92 32 32 124 47 32 32 32 92 124 32 32 32 47 95 95 124 92 95 92 32 32
32 32 32 32 124 41 32 32 32 92 32 124 32 32 124 32 47 32 92 32 124 32 32 124 32 47 32 92 32 124 32 32 124 32 47 32 92 32 124 32 32 124 32 47 32 92 32 124 32 32 124 32 47 32 92 32 124 32 32 124 32 47 32 92 32 124 32 32 124 32 47 32 92 32 124 32 32 124 32 47 32 92 32 124 32 32 124 32 47 32 92 32 124 32 32 123 125 32 32 32 123 125 32 32 32 124 32 47 32 92 32 124 32 32
32 32 32 40 95 124 32 32 32 32 92 41 32 32 40 47 32 32 32 92 41 32 32 40 47 32 32 32 92 41 32 32 40 47 32 32 32 92 41 32 32 40 47 32 32 32 92 41 32 32 40 47 32 32 32 92 41 32 32 40 47 32 32 32 92 41 32 32 40 47 32 32 32 92 41 32 32 40 47 32 32 32 92 41 32 32 40 47 32 32 32 92 41 32 32 124 41 32 32 32 40 124 32 32 32 40 47 32 32 32 92 41 32 32
32 32 32 47 32 92 32 32 32 32 40 124 32 32 124 41 32 32 32 40 124 32 32 124 41 32 32 32 40 124 32 32 124 41 32 32 32 40 124 32 32 124 41 32 32 32 40 124 32 32 124 41 32 32 32 40 124 32 32 124 41 32 32 32 40 124 32 32 124 41 32 32 32 40 124 32 32 124 41 32 32 32 40 124 32 32 124 41 32 32 32 40 124 32 32 124 124 32 32 32 124 124 32 32 95 124 41 32 32 32 40 124 95 32
46 44 46 92 95 47 44 46 46 44 124 44 41 40 46 124 44 46 44 124 44 41 40 44 124 44 46 44 124 46 41 40 46 124 44 46 44 124 44 41 40 44 124 44 46 44 124 46 41 40 46 124 44 46 44 124 44 41 40 44 124 44 46 44 124 46 41 40 46 124 44 46 44 124 44 41 40 44 124 44 46 44 124 46 41 40 44 124 44 46 44 124 46 41 40 46 124 46 44 46 124 44 41 40 46 44 124 46 44 46 124 44 46 41 44 46 44 46
